2
3
16
10
0
0
5000
5000
1111111111111111
1111111111111111
1100000000000011
1100000000000011
1100000000000011
1100000000000011
1100000000000000
1100000000000000
1111111111111111
1111111111111111

1111111111111111
1111111111111111
1100000000000011
1100000000000011
1100000000000011
1100000000000011
0000000000000011
0000000000000011
1111111111001111
1111111111001111

1111111111001111
1111111111001111
1100000000000011
1100000000000011
1100000000000011
1100000000000011
0000000000000011
0000000000000011
1111111100111111
1111111100111111

1111111111111111
1111111111111111
1100000000000011
1100000000000011
1100000000000011
1100000000000011
1100000000000000
1100000000000000
1111110011111111
1111110011111111

1111110011111111
1111110011111111
1100000000000011
1100000000000011
1100000000000011
1100000000000000
1100000000000000
1100000000000011
1111111111111111
1111111111111111

1111111100111111
1111111100111111
1100000000000011
1100000000000011
1100000000000011
0200000000000011
0200000000000011
1100000000000011
1111111111111111
1111111111111111

