5
4
16
10
1111111111111111
1111111111111111
1100000000000011
1100000000000011
1100000000000011
1100000000000011
1100000000000000
1100000000000000
1111111111111111
1111111111111111

1111111111111111
1111111111111111
1100000000000011
1100000000000011
1100000000000011
1100000000000011
0000000000000000
0000000000000000
1111111111111111
1111111111111111

1111111111111111
1111111111111111
1100000000000000
1100000000000000
1100000000000011
1100000000000011
0000000000000011
0000000000000011
1111111111001111
1111111111001111